L1 480
L2 480
num_vehicles 12
num_zones 40
Lx 20
Ly 20
Q1 900
Q2 5100
V 30
Depot 10 10
IF 0 0
IF1 20 0
Dumpsite 10 60
epsilon 20
offset 240
k 6
1 14 19 70 376
2 1 14 80 304
3 4 4 113 373
4 19 10 97 386
5 4 15 91 305
6 1 15 104 333
7 4 10 79 390
8 16 15 95 377
9 16 8 89 336
10 12 3 118 326
11 0 10 65 384
12 9 11 79 373
13 7 16 68 364
14 5 3 109 391
15 1 18 111 370
16 3 10 116 359
17 17 17 103 318
18 13 14 67 354
19 19 8 115 351
20 19 8 72 330
21 19 18 68 306
22 10 11 71 325
23 11 0 85 336
24 5 6 62 372
25 16 9 94 346
26 10 15 106 398
27 6 4 117 388
28 17 8 88 340
29 19 14 84 397
30 3 11 76 300
31 11 6 67 307
32 4 11 77 364
33 2 18 104 308
34 14 15 91 327
35 0 13 77 377
36 15 0 111 328
37 3 16 99 352
38 10 11 66 355
39 8 3 83 335
40 10 2 82 301